     1  !isNLGeom (0,1)
     5  !max NR step
    36  !node
     1     0.000     0.000     0.000
     2     1.000     0.000     0.000
     3     0.000     1.000     0.000
     4     1.000     1.000     0.000
     5     0.000     0.000     1.000
     6     1.000     0.000     1.000
     7     0.000     1.000     1.000
     8     1.000     1.000     1.000
     9     0.000     0.000     2.000
    10     1.000     0.000     2.000
    11     0.000     1.000     2.000
    12     1.000     1.000     2.000
    13     0.000     0.000     3.000
    14     1.000     0.000     3.000
    15     0.000     1.000     3.000
    16     1.000     1.000     3.000
    17     0.000     0.000     4.000
    18     1.000     0.000     4.000
    19     0.000     1.000     4.000
    20     1.000     1.000     4.000
    21     0.000     0.000     5.000
    22     1.000     0.000     5.000
    23     0.000     1.000     5.000
    24     1.000     1.000     5.000
    25     0.000     0.000     6.000
    26     1.000     0.000     6.000
    27     0.000     1.000     6.000
    28     1.000     1.000     6.000
    29     0.000     0.000     7.000
    30     1.000     0.000     7.000
    31     0.000     1.000     7.000
    32     1.000     1.000     7.000
    33     0.000     0.000     8.000
    34     1.000     0.000     8.000
    35     0.000     1.000     8.000
    36     1.000     1.000     8.000
     8  !elem
     1     1     2     4     3     5     6     8     7
     2     5     6     8     7     9    10    12    11
     3     9    10    12    11    13    14    16    15
     4    13    14    16    15    17    18    20    19
     5    17    18    20    19    21    22    24    23
     6    21    22    24    23    25    26    28    27
     7    25    26    28    27    29    30    32    31
     8    29    30    32    31    33    34    36    35
    12  !boundary
     1     1     0.000
     2     1     0.000
     3     1     0.000
     4     1     0.000
     1     2     0.000
     2     2     0.000
     3     2     0.000
     4     2     0.000
     1     3     0.000
     2     3     0.000
     3     3     0.000
     4     3     0.000
     4  !cload
    33     1     10.000
    34     1     10.000
    35     1     10.000
    36     1     10.000
100000  !young
   0.3  !paisson
   1.0  !density


